p0: 0.027983298700700286 [0.0277884411402822  0.028178156261118373]
p1: 1.2261127796848508e-06 [1.2128478214049605e-06  1.239377737964741e-06]
p2: 0.00898110585501363 [0.008940093046398083  0.009022118663629178]