p0: 0.02925951663642004 [0.029060315909961575  0.029458717362878507]
p1: 1.2519909418114666e-06 [1.2386608490102797e-06  1.2653210346126535e-06]
p2: 0.009669751267073692 [0.00962696666718133  0.009712535866966054]