p0: 0.026298333452694632 [0.026108003694416022  0.02648866321097324]
p1: 1.1620220297343344e-06 [1.1492637081044646e-06  1.1747803513642042e-06]
p2: 0.007996357988117703 [0.007958844198050043  0.008033871778185363]