p0: 0.029711071061718382 [0.029507352072097228  0.029914790051339537]
p1: 1.2741304949433015e-06 [1.2602726942450344e-06  1.2879882956415686e-06]
p2: 0.009970164896718684 [0.00992494244486859  0.010015387348568777]