p0: 0.02769730102233251 [0.027499133519943535  0.027895468524721488]
p1: 1.175111759737582e-06 [1.1622546558280806e-06  1.1879688636470835e-06]
p2: 0.008486885137734136 [0.008447058532018966  0.008526711743449307]