p0: 0.019378326189813656 [0.01923283900807083  0.01952381337155648]
p1: 1.1183353566314867e-06 [1.1059152089913322e-06  1.1307555042716411e-06]
p2: 0.005375489045843937 [0.005348565690477673  0.005402412401210201]