p0: 0.029119784963824617 [0.028917798782790088  0.029321771144859145]
p1: 1.2037853010984944e-06 [1.1908987986715493e-06  1.2166718035254396e-06]
p2: 0.00938005338266892 [0.00933836447334868  0.00942174229198916]