p0: 0.022912057931133774 [0.022738938853191698  0.02308517700907585]
p1: 1.1129834201521555e-06 [1.100502722926796e-06  1.125464117377515e-06]
p2: 0.006405065786803495 [0.006372891895288038  0.006437239678318953]