p0: 0.024327790312452503 [0.024150472632534507  0.0245051079923705]
p1: 1.1619576624556173e-06 [1.1491098578325792e-06  1.1748054670786555e-06]
p2: 0.007123365136460771 [0.0070884185191396  0.007158311753781942]