p0: 0.003391538497347158 [0.003366157038544861  0.003416919956149455]
p1: 1.0079691573953483e-06 [9.973470728685154e-07  1.0185912419221813e-06]
p2: 0.000667176819822522 [0.0006630818398606471  0.000671271799784397]