p0: 0.015642515746579027 [0.015519054484008645  0.01576597700914941]
p1: 1.0860765854962234e-06 [1.0734356126523462e-06  1.0987175583401006e-06]
p2: 0.0038064316633739065 [0.003783988472274161  0.003828874854473652]