p0: 0.030705021056696258 [0.030482425658570383  0.030927616454822133]
p1: 6.72635982590534e-08 [6.702978678648588e-08  6.749740973162092e-08]
p2: -0.00020513115304603125 [-0.00020737291083887448  -0.00020288939525318802]