<<<<<<< HEAD
p0: 0.06322157920646836 [0.06250565133056545  0.06393750708237127]
p1: 5.8639952372082296e-08 [5.8349245853398986e-08  5.8930658890765606e-08]
p2: -0.00010996349037913674 [-0.00011498061491858361  -0.00010494636583968988]
=======
p0: 0.06322134278780858 [0.06250528672981545  0.06393739884580171]
p1: 5.864005071674583e-08 [5.8349282807811986e-08  5.8930818625679675e-08]
p2: -0.00010996415283934958 [-0.00011498122406190193  -0.00010494708161679723]
>>>>>>> origin/master
