p0: 0.06287141224560941 [0.06225236478166745  0.06349045970955138]
p1: 5.6702978007702436e-08 [5.646581417551307e-08  5.69401418398918e-08]
p2: -0.0002954032374535608 [-0.0002992580316193246  -0.00029154844328779697]