<<<<<<< HEAD
p0: 0.03070502106354548 [0.03048242566339608  0.03092761646369488]
p1: 6.726359825164933e-08 [6.70297867798725e-08  6.749740972342616e-08]
p2: -0.0002051311530162483 [-0.00020737291080750577  -0.00020288939522499082]
=======
p0: 0.030705152726460915 [0.03048251822939191  0.030927787223529922]
p1: 6.726345593723626e-08 [6.702960191154918e-08  6.749730996292334e-08]
p2: -0.00020513057630118194 [-0.00020737230342049998  -0.0002028888491818639]
>>>>>>> origin/master
