p0: 0.04190880092821546 [0.04146491070581404  0.04235269115061688]
p1: 6.080826649058607e-08 [6.051280502670242e-08  6.110372795446972e-08]
p2: 4.135941597749324e-05 [3.7672166743728384e-05  4.50466652112581e-05]