p0: 0.06055019174300319 [0.05980929043730686  0.06129109304869952]
p1: 5.4756516630969794e-08 [5.4479514005380856e-08  5.503351925655873e-08]
p2: 9.512948451214341e-05 [9.099623419822592e-05  9.926273482606089e-05]