p0: 0.028547416135342077 [0.028092871626929732  0.02900196064375442]
p1: 5.702979476617379e-08 [5.662947319885192e-08  5.7430116333495654e-08]
p2: 5.662750451051444e-05 [5.3417899557907046e-05  5.983710946312183e-05]