p0: 0.0034160601042233624 [0.0026628395022358035  0.004169280706210921]
p1: 4.2768389233392535e-08 [3.950958888785712e-08  4.602718957892795e-08]
p2: 1.1756437156987678e-05 [9.836999070439714e-06  1.3675875243535642e-05]