p0: 0.017737608044968503 [0.017440169415249937  0.01803504667468707]
p1: 5.8554898760568444e-08 [5.813764947030661e-08  5.8972148050830276e-08]
p2: -9.309778974848512e-05 [-9.498584778670913e-05  -9.120973171026111e-05]