<<<<<<< HEAD
p0: 0.07013448770435965 [0.06949978501390576  0.07076919039481354]
p1: 5.736841693690701e-08 [5.7146432280749295e-08  5.759040159306472e-08]
p2: 0.00010806111253169324 [0.00010399459999790189  0.0001121276250654846]
=======
p0: 0.07013466961661433 [0.0694998562018361  0.07076948303139255]
p1: 5.7368352568395246e-08 [5.7146318913026214e-08  5.759038622376428e-08]
p2: 0.0001080615673588479 [0.0001039950950405704  0.0001121280396771254]
>>>>>>> origin/master
