p0: 0.017737536065517045 [0.017440099053460043  0.018034973077574047]
p1: 5.855500179743631e-08 [5.813775174874457e-08  5.897225184612805e-08]
p2: -9.309797226175972e-05 [-9.49860308968068e-05  -9.120991362671263e-05]