<<<<<<< HEAD
p0: 0.06287116953292368 [0.06225222948645897  0.0634901095793884]
p1: 5.67030723419033e-08 [5.646596147025671e-08  5.6940183213549885e-08]
p2: -0.00029540382918402344 [-0.0002992586604102021  -0.00029154899795784476]
=======
p0: 0.06287141224560941 [0.06225236478166745  0.06349045970955138]
p1: 5.6702978007702436e-08 [5.646581417551307e-08  5.69401418398918e-08]
p2: -0.0002954032374535608 [-0.0002992580316193246  -0.00029154844328779697]
>>>>>>> origin/master
