p0: 0.06916605342374568 [0.06851049339475533  0.06982161345273603]
p1: 6.179169281132068e-08 [6.151953050346752e-08  6.206385511917385e-08]
p2: -0.00019496539228636747 [-0.00020068606345185485  -0.00018924472112088008]