p0: 0.06287116953292368 [0.06225222948645897  0.0634901095793884]
p1: 5.67030723419033e-08 [5.646596147025671e-08  5.6940183213549885e-08]
p2: -0.00029540382918402344 [-0.0002992586604102021  -0.00029154899795784476]