<<<<<<< HEAD
p0: 0.06916562701126712 [0.0685100492868658  0.06982120473566844]
p1: 6.179187445905202e-08 [6.151971484167434e-08  6.206403407642969e-08]
p2: -0.00019496693012522882 [-0.00020068759096767135  -0.0001892462692827863]
=======
p0: 0.06916549503253419 [0.06850980896166309  0.0698211811034053]
p1: 6.179193099130256e-08 [6.151971798297773e-08  6.20641439996274e-08]
p2: -0.00019496740217456475 [-0.00020068799980359968  -0.00018924680454552982]
>>>>>>> origin/master
