p0: 0.017737526605252723 [0.01744003833497767  0.018035014875527777]
p1: 5.855501578102191e-08 [5.813767246836747e-08  5.8972359093676344e-08]
p2: -9.309799521251878e-05 [-9.498603492685561e-05  -9.120995549818195e-05]