p0: 0.0677261445899863 [0.06713985915406395  0.06831243002590864]
p1: 6.017495402066284e-08 [5.993936950396026e-08  6.041053853736542e-08]
p2: -0.00018094146891232317 [-0.00018556942969477579  -0.00017631350812987055]