p0: 0.06054914395918132 [0.0598081085062159  0.061290179412146734]
p1: 5.47569168696868e-08 [5.447985042207264e-08  5.5033983317300964e-08]
p2: 9.512724834542619e-05 [9.099403663481782e-05  9.926046005603455e-05]