p0: 0.028547629485975428 [0.028093080384810093  0.029002178587140763]
p1: 5.702960234802489e-08 [5.662928216717702e-08  5.7429922528872755e-08]
p2: 5.662809544750649e-05 [5.341849234843348e-05  5.983769854657949e-05]