<<<<<<< HEAD
p0: 0.04190880092821546 [0.04146491070581404  0.04235269115061688]
p1: 6.080826649058607e-08 [6.051280502670242e-08  6.110372795446972e-08]
p2: 4.135941597749324e-05 [3.7672166743728384e-05  4.50466652112581e-05]
=======
p0: 0.04190866023835994 [0.04146469518399033  0.042352625292729554]
p1: 6.08083627167165e-08 [6.051284239423594e-08  6.110388303919707e-08]
p2: 4.13589431436063e-05 [3.7671734080082974e-05  4.504615220712962e-05]
>>>>>>> origin/master
