p0: 0.07013525712326445 [0.06950054509231278  0.07076996915421611]
p1: 5.736814230128999e-08 [5.714615874147971e-08  5.759012586110027e-08]
p2: 0.00010806305632620321 [0.00010399654717604608  0.00011212956547636034]