<<<<<<< HEAD
p0: 0.060550226789604276 [0.059809324911326484  0.06129112866788207]
p1: 5.475650324908305e-08 [5.4479500692798116e-08  5.5033505805367985e-08]
p2: 9.512955947728642e-05 [9.099630932801678e-05  9.926280962655605e-05]
=======
p0: 0.06054914395918132 [0.0598081085062159  0.061290179412146734]
p1: 5.47569168696868e-08 [5.447985042207264e-08  5.5033983317300964e-08]
p2: 9.512724834542619e-05 [9.099403663481782e-05  9.926046005603455e-05]
>>>>>>> origin/master
