p0: 0.07013448770435965 [0.06949978501390576  0.07076919039481354]
p1: 5.736841693690701e-08 [5.7146432280749295e-08  5.759040159306472e-08]
p2: 0.00010806111253169324 [0.00010399459999790189  0.0001121276250654846]