p0: 0.06322157920646836 [0.06250565133056545  0.06393750708237127]
p1: 5.8639952372082296e-08 [5.8349245853398986e-08  5.8930658890765606e-08]
p2: -0.00010996349037913674 [-0.00011498061491858361  -0.00010494636583968988]