p0: 0.060550226789604276 [0.059809324911326484  0.06129112866788207]
p1: 5.475650324908305e-08 [5.4479500692798116e-08  5.5033505805367985e-08]
p2: 9.512955947728642e-05 [9.099630932801678e-05  9.926280962655605e-05]