p0: 0.06287153769399573 [0.06225259279672152  0.06349048259126994]
p1: 5.670292856837271e-08 [5.646581831780694e-08  5.6940038818938484e-08]
p2: -0.0002954029328420006 [-0.00029925776239584273  -0.00029154810328815844]