p0: 0.0034153033840294373 [0.0026619371859635766  0.004168669582095298]
p1: 4.2771709713576776e-08 [3.9513082025878436e-08  4.6030337401275116e-08]
p2: 1.1755800578091418e-05 [9.836374445354028e-06  1.3675226710828808e-05]