p0: 0.06322134278780858 [0.06250528672981545  0.06393739884580171]
p1: 5.864005071674583e-08 [5.8349282807811986e-08  5.8930818625679675e-08]
p2: -0.00010996415283934958 [-0.00011498122406190193  -0.00010494708161679723]