p0: 0.0632215830954588 [0.06250566247357218  0.06393750371734543]
p1: 5.863995075626063e-08 [5.8349243250150544e-08  5.893065826237072e-08]
p2: -0.00010996347940513373 [-0.00011498060696306817  -0.00010494635184719929]