p0: 0.06772628598363484 [0.06714001708621513  0.06831255488105455]
p1: 6.017489572861279e-08 [5.993930885945741e-08  6.041048259776817e-08]
p2: -0.00018094101494989156 [-0.00018556898396696856  -0.00017631304593281456]