p0: 0.04190894523922512 [0.04146506558904492  0.042352824889405324]
p1: 6.080816795889759e-08 [6.051270394635288e-08  6.11036319714423e-08]
p2: 4.13599071363775e-05 [3.767265222226507e-05  4.504716205048993e-05]