p0: 0.003415049179570151 [0.002661606079403955  0.004168492279736347]
p1: 4.277282867283395e-08 [3.9513159476907e-08  4.6032497868760905e-08]
p2: 1.1755586916491568e-05 [9.836167106531614e-06  1.3675006726451522e-05]