<<<<<<< HEAD
p0: 0.06772628598363484 [0.06714001708621513  0.06831255488105455]
p1: 6.017489572861279e-08 [5.993930885945741e-08  6.041048259776817e-08]
p2: -0.00018094101494989156 [-0.00018556898396696856  -0.00017631304593281456]
=======
p0: 0.06772564676896918 [0.06713928067178139  0.06831201286615697]
p1: 6.017515923178628e-08 [5.993952410172474e-08  6.041079436184782e-08]
p2: -0.0001809430593824126 [-0.00018557097999611784  -0.00017631513876870735]
>>>>>>> origin/master
