p0: 0.06916562701126712 [0.0685100492868658  0.06982120473566844]
p1: 6.179187445905202e-08 [6.151971484167434e-08  6.206403407642969e-08]
p2: -0.00019496693012522882 [-0.00020068759096767135  -0.0001892462692827863]