<<<<<<< HEAD
p0: 0.028547416135342077 [0.028092871626929732  0.02900196064375442]
p1: 5.702979476617379e-08 [5.662947319885192e-08  5.7430116333495654e-08]
p2: 5.662750451051444e-05 [5.3417899557907046e-05  5.983710946312183e-05]
=======
p0: 0.028547168468025276 [0.028092553083940094  0.02900178385211046]
p1: 5.7030018474064165e-08 [5.662961012323444e-08  5.743042682489389e-08]
p2: 5.662681340340381e-05 [5.3417237122771756e-05  5.983638968403587e-05]
>>>>>>> origin/master
