p0: 0.06772564676896918 [0.06713928067178139  0.06831201286615697]
p1: 6.017515923178628e-08 [5.993952410172474e-08  6.041079436184782e-08]
p2: -0.0001809430593824126 [-0.00018557097999611784  -0.00017631513876870735]